168 0 16 255
248 56 0 255
248 120 88 255
240 208 176 255
168 0 64 255
228 0 88 255
248 88 152 255
248 164 192 255
DIV: Reds/Pinks

136 64 0 255
228 101 16 255
252 160 68 255
252 224 168 255
80 48 0 255
172 124 0 255
248 210 0 255
248 234 150 255
DIV: Orange/Y

0 120 0 255
0 184 0 255
184 248 24 255
216 248 120 255
0 104 35 255
0 168 61 255
88 216 84 255
184 248 184 255
DIV: Greens

0 88 24 255
0 168 109 255
88 248 152 255
184 248 216 255
0 64 88 255
0 136 136 255
0 255 255 255
128 255 255 255
DIV: Cyans

0 0 255 255
0 120 248 255
60 188 252 255
164 228 252 255
0 0 153 255
0 88 197 255
104 136 255 255
184 184 248 255
DIV: Blues

68 40 187 255
104 68 252 255
152 120 248 255
216 184 248 255
148 0 132 255
216 0 204 255
248 120 248 255
248 184 248 255
DIV: Pinks/Purples

0 0 0 255
40 40 40 255
80 80 80 255
120 120 120 255
160 160 160 255
200 200 200 255
240 240 240 255
255 255 255 255
DIV: Greyscale

48 24 0 255
76 35 0 255
160 120 80 255
240 210 160 255
200 100 100 255
200 200 100 255
100 200 100 255
100 100 200 255
DIV: Others